[gd_scene load_steps=9 format=2]

[ext_resource path="res://Main.gd" type="Script" id=1]
[ext_resource path="res://UI/Viewport-UI.tscn" type="PackedScene" id=2]
[ext_resource path="res://addons/godot-openvr/scenes/ovr_controller.tscn" type="PackedScene" id=3]
[ext_resource path="res://models/weapons/M1911/M1911.tscn" type="PackedScene" id=4]
[ext_resource path="res://addons/vr-common/functions/Function_Teleport.tscn" type="PackedScene" id=5]
[ext_resource path="res://models/building/Range.tscn" type="PackedScene" id=6]
[ext_resource path="res://addons/vr-common/functions/Function_Pickup.tscn" type="PackedScene" id=7]
[ext_resource path="res://models/weapons/Magazine/Magazine.tscn" type="PackedScene" id=8]

[node name="Main" type="Spatial"]
script = ExtResource( 1 )

[node name="Viewport-VR" type="Viewport" parent="."]
render_target_update_mode = 3
audio_listener_enable_3d = true
shadow_atlas_size = 4096

[node name="ARVROrigin" type="ARVROrigin" parent="Viewport-VR"]
transform = Transform( -4.37114e-08, 0, 1, 0, 1, 0, -1, 0, -4.37114e-08, 14.6213, 0, 1.6602 )

[node name="ARVRCamera" type="ARVRCamera" parent="Viewport-VR/ARVROrigin"]
transform = Transform( 1, 0, 0, 0, 1, 0, 0, 0, 1, 0, 1.8, 0 )
current = true

[node name="Left hand" parent="Viewport-VR/ARVROrigin" instance=ExtResource( 3 )]
transform = Transform( 1, 0, 0, 0, 1, 0, 0, 0, 1, -0.5, 1, 0 )

[node name="Function_Teleport" parent="Viewport-VR/ARVROrigin/Left hand" instance=ExtResource( 5 )]
collision_layer = 0
collision_mask = 3

[node name="Function_Pickup" parent="Viewport-VR/ARVROrigin/Left hand" instance=ExtResource( 7 )]
transform = Transform( 1, 0, 0, 0, 0.707107, 0.707107, 0, -0.707107, 0.707107, 0, -0.07, 0.03 )

[node name="Right hand" parent="Viewport-VR/ARVROrigin" instance=ExtResource( 3 )]
transform = Transform( 1, 0, 0, 0, 1, 0, 0, 0, 1, 0.5, 1, 0 )
controller_id = 2

[node name="Function_Pickup" parent="Viewport-VR/ARVROrigin/Right hand" instance=ExtResource( 7 )]
transform = Transform( 1, 0, 0, 0, 0.707107, 0.707107, 0, -0.707107, 0.707107, 0, -0.07, 0.03 )

[node name="Range" parent="Viewport-VR" instance=ExtResource( 6 )]

[node name="M1911" parent="Viewport-VR" instance=ExtResource( 4 )]
transform = Transform( -4.37114e-08, -1, 0, 1, -4.37114e-08, 0, 0, 0, 1, 12, 1.1, 1.75 )

[node name="Spawns" type="Spatial" parent="Viewport-VR"]

[node name="Magazine_01" parent="Viewport-VR" instance=ExtResource( 8 )]
transform = Transform( -0.0194723, -0.874057, 0.485432, 0.999752, -0.0222726, 0, 0.0108118, 0.485312, 0.874274, 11.9669, 0.995159, 2.02362 )

[node name="Magazine_02" parent="Viewport-VR" instance=ExtResource( 8 )]
transform = Transform( -0.0164412, -0.737998, -0.674603, 0.999752, -0.0222726, 0, -0.0150251, -0.674436, 0.738181, 11.9943, 1.03857, 2.02362 )

[node name="Magazine_03" parent="Viewport-VR" instance=ExtResource( 8 )]
transform = Transform( 0.00491409, 0.220579, -0.975357, 0.999752, -0.0222726, 0, -0.0217237, -0.975115, -0.220634, 11.9943, 1.08308, 2.04412 )

[node name="ViewportContainer" type="ViewportContainer" parent="."]
margin_right = 40.0
margin_bottom = 40.0

[node name="Viewport-UI" parent="ViewportContainer" instance=ExtResource( 2 )]
handle_input_locally = false
render_target_update_mode = 3
